23
ab
1,3,4,6 'a' 1,3,4,6
1,3,4,6 'b' 2,5
0 'a' 0
0 'b' 0
1 'a' 0
1 'b' 2
2 'a' 2,3
2 'b' 3
3 'a' 1,3,4,6
3 'b' 0
4 'a' 0
4 'b' 5
5 'a' 5,6
5 'b' 6
6 'a' 4,6
6 'b' 0
2,5 'a' 2,3,5,6
2,5 'b' 3,6
2,3 'a' 1,2,3,4,6
2,3 'b' 3
5,6 'a' 4,5,6
5,6 'b' 6
4,6 'a' 4,6
4,6 'b' 5
2,3,5,6 'a' 1,2,3,4,5,6
2,3,5,6 'b' 3,6
3,6 'a' 1,3,4,6
3,6 'b' 0
1,2,3,4,6 'a' 1,2,3,4,6
1,2,3,4,6 'b' 2,3,5
4,5,6 'a' 4,5,6
4,5,6 'b' 5,6
1,2,3,4,5,6 'a' 1,2,3,4,5,6
1,2,3,4,5,6 'b' 2,3,5,6
2,3,5 'a' 1,2,3,4,5,6
2,3,5 'b' 3,6
1,3,4,6
1,3,4,6 4,6 1,2,3,4,6 4,5,6 1,2,3,4,5,6