29
01+-.
2,3,6,8,10 '0' 1,5
2,3,6,8,10 '1' 4,7
2,3,6,8,10 '+' 2,3,6,10
2,3,6,8,10 '-' 2,3,6,10
2,3,6,8,10 '.' 11
0 '0' 0
0 '1' 0
0 '+' 0
0 '-' 0
0 '.' 0
1 '0' 0
1 '1' 0
1 '+' 0
1 '-' 0
1 '.' 9
2 '0' 0
2 '1' 0
2 '+' 0
2 '-' 0
2 '.' 0
3 '0' 5
3 '1' 4
3 '+' 0
3 '-' 0
3 '.' 0
4 '0' 4
4 '1' 4
4 '+' 0
4 '-' 0
4 '.' 0
5 '0' 0
5 '1' 0
5 '+' 0
5 '-' 0
5 '.' 0
6 '0' 1
6 '1' 7
6 '+' 0
6 '-' 0
6 '.' 0
7 '0' 7
7 '1' 7
7 '+' 0
7 '-' 0
7 '.' 9
8 '0' 0
8 '1' 0
8 '+' 2,3,6,10
8 '-' 2,3,6,10
8 '.' 0
9 '0' 9
9 '1' 9
9 '+' 0
9 '-' 0
9 '.' 0
10 '0' 0
10 '1' 0
10 '+' 0
10 '-' 0
10 '.' 11
11 '0' 12
11 '1' 12
11 '+' 0
11 '-' 0
11 '.' 0
12 '0' 12
12 '1' 12
12 '+' 0
12 '-' 0
12 '.' 0
1,5 '0' 0
1,5 '1' 0
1,5 '+' 0
1,5 '-' 0
1,5 '.' 9
4,7 '0' 4,7
4,7 '1' 4,7
4,7 '+' 0
4,7 '-' 0
4,7 '.' 9
2,3,6,10 '0' 1,5
2,3,6,10 '1' 4,7
2,3,6,10 '+' 0
2,3,6,10 '-' 0
2,3,6,10 '.' 11
2,3,6,8,10
1,5 4,7 9 5 4 12